y: 3.5 or 4

1.5 4 1.25
74.5 4 2.5
132.5 4 0.5
213.5 4 0.5

1.5 4 42.5
2.5 4 100.5
0.5 4 172.5
0.5 4 272.5

17.5 4 37.5
67.5 4 32.5
142.5 4 47.5
172.5 4 37.5
210.5 4 72.5

50.5 4 82.5
122.5 4 117.5
60.5 4 137.5
92.5 4 237.5

112.5 4 175.5
225.5 4 200.5
215.5 4 250.5
170.5 4 115.5

187.5 4 250.5
234.5 4 314.5
112.5 4 72.5
170.5 4 184.5

144.5 4 254.5
90.5 4 309.5
64.5 4 274.5
244.5 4 39.5

37.5 4 0.5
60.5 4 10.5
94.5 4 24.5
115.5 4 22.5

152.5 4 0.5
195 4 2.5
222.5 4 40.5
244.5 4 82.5

224.5 4 102.5
212.5 4 130
242.5 4 150
200.5 4 172.5

244.5 4 222.5
234.5 4 262.5
220.5 4 277.5
190 4 302.5

157.5 4 305
120 4 272.5
30 4 292.5
35 4 232.5

40 4 197.5
5 4 232.5
32.5 4 165




