position(x,y,z) diffuse(r,g,b) specular(r,g,b) atten(x,y,z,w) direction(x,y,z) param1(x,y,z) param2(x)

1.5 4 0.5 204 0 0 204 0 0 0.1 0.01 0.001 100 0 0 0 0 0 0 1
74.5 4 2.5 204 0 0 204 0 0 0.1 0.01 0.001 100 0 0 0 0 0 0 1
132.5 4 0.5 204 0 0 204 0 0 0.1 0.01 0.001 100 0 0 0 0 0 0 1
213.5 4 0.5 204 0 0 204 0 0 0.1 0.01 0.001 100 0 0 0 0 0 0 1

0.5 4 72.5 204 0 0 204 0 0 0.1 0.01 0.001 100 0 0 0 0 0 0 1
2.5 4 100.5 204 0 0 204 0 0 0.1 0.01 0.001 100 0 0 0 0 0 0 1
0.5 4 172.5 204 0 0 204 0 0 0.1 0.01 0.001 100 0 0 0 0 0 0 1
0.5 4 272.5 204 0 0 204 0 0 0.1 0.01 0.001 100 0 0 0 0 0 0 1

20.5 4 42.5 204 0 0 204 0 0 0.1 0.01 0.001 50 0 0 0 0 0 0 1
67.5 4 30.5 204 0 0 204 0 0 0.1 0.01 0.001 50 0 0 0 0 0 0 1
142.5 4 42.5 204 0 0 204 0 0 0.1 0.01 0.001 50 0 0 0 0 0 0 1
172.5 4 32.5 204 0 0 204 0 0 0.1 0.01 0.001 50 0 0 0 0 0 0 1

50.5 4 82.5 204 0 0 204 0 0 0.1 0.01 0.001 50 0 0 0 0 0 0 1
122.5 4 117.5 204 0 0 204 0 0 0.1 0.01 0.001 50 0 0 0 0 0 0 1
60.5 4 137.5 204 0 0 204 0 0 0.1 0.01 0.001 50 0 0 0 0 0 0 1
92.5 4 237.5 204 0 0 204 0 0 0.1 0.01 0.001 50 0 0 0 0 0 0 1

112.5 4 175.5 204 0 0 204 0 0 0.1 0.01 0.001 50 0 0 0 0 0 0 1
225.5 4 200.5 204 0 0 204 0 0 0.1 0.01 0.001 50 0 0 0 0 0 0 1
215.5 4 250.5 204 0 0 204 0 0 0.1 0.01 0.001 50 0 0 0 0 0 0 1
170.5 4 115.5 204 0 0 204 0 0 0.1 0.01 0.001 50 0 0 0 0 0 0 1

187.5 4 250.5 204 0 0 204 0 0 0.1 0.01 0.001 50 0 0 0 0 0 0 1
234.5 4 314.5 204 0 0 204 0 0 0.1 0.01 0.001 50 0 0 0 0 0 0 1
112.5 4 72.5 204 0 0 204 0 0 0.1 0.01 0.001 50 0 0 0 0 0 0 1
170.5 4 184.5 204 0 0 204 0 0 0.1 0.01 0.001 50 0 0 0 0 0 0 1

144.5 4 254.5 204 0 0 204 0 0 0.1 0.01 0.001 50 0 0 0 0 0 0 1
90.5 4 309.5 204 0 0 204 0 0 0.1 0.01 0.001 50 0 0 0 0 0 0 1
64.5 4 274.5 204 0 0 204 0 0 0.1 0.01 0.001 50 0 0 0 0 0 0 1
244.5 4 39.5 204 0 0 204 0 0 0.1 0.01 0.001 50 0 0 0 0 0 0 1

37.5 4 0.5 204 0 0 204 0 0 0.1 0.01 0.001 50 0 0 0 0 0 0 1
60.5 4 10.5 204 0 0 204 0 0 0.1 0.01 0.001 50 0 0 0 0 0 0 1
94.5 4 24.5 204 0 0 204 0 0 0.1 0.01 0.001 50 0 0 0 0 0 0 1
115.5 4 22.5 204 0 0 204 0 0 0.1 0.01 0.001 50 0 0 0 0 0 0 1

152.5 4 0.5 204 0 0 204 0 0 0.1 0.01 0.001 50 0 0 0 0 0 0 1
195 4 2.5 204 0 0 204 0 0 0.1 0.01 0.001 50 0 0 0 0 0 0 1
222.5 4 40.5 204 0 0 204 0 0 0.1 0.01 0.001 50 0 0 0 0 0 0 1
244.5 4 82.5 204 0 0 204 0 0 0.1 0.01 0.001 50 0 0 0 0 0 0 1

224.5 4 102.5 204 0 0 204 0 0 0.1 0.01 0.001 50 0 0 0 0 0 0 1
212.5 4 130 204 0 0 204 0 0 0.1 0.01 0.001 50 0 0 0 0 0 0 1
242.5 4 150 204 0 0 204 0 0 0.1 0.01 0.001 50 0 0 0 0 0 0 1
200.5 4 172.5 204 0 0 204 0 0 0.1 0.01 0.001 50 0 0 0 0 0 0 1

244.5 4 222.5 204 0 0 204 0 0 0.1 0.01 0.001 50 0 0 0 0 0 0 1
234.5 4 262.5 204 0 0 204 0 0 0.1 0.01 0.001 50 0 0 0 0 0 0 1
220.5 4 277.5 204 0 0 204 0 0 0.1 0.01 0.001 50 0 0 0 0 0 0 1
190 4 302.5 204 0 0 204 0 0 0.1 0.01 0.001 50 0 0 0 0 0 0 1

157.5 4 305 204 0 0 204 0 0 0.1 0.01 0.001 50 0 0 0 0 0 0 1
120 4 272.5 204 0 0 204 0 0 0.1 0.01 0.001 50 0 0 0 0 0 0 1
30 4 292.5 204 0 0 204 0 0 0.1 0.01 0.001 50 0 0 0 0 0 0 1
35 4 232.5 204 0 0 204 0 0 0.1 0.01 0.001 50 0 0 0 0 0 0 1

40 4 197.5 204 0 0 204 0 0 0.1 0.01 0.001 50 0 0 0 0 0 0 1
5 4 232.5 204 0 0 204 0 0 0.1 0.01 0.001 50 0 0 0 0 0 0 1
32.5 4 165 204 0 0 204 0 0 0.1 0.01 0.001 50 0 0 0 0 0 0 1
210.5 4 72.5 204 0 0 204 0 0 0.1 0.01 0.001 50 0 0 0 0 0 0 1

92 5 12.5 204 204 204 204 204 204 1 0.1 0.01 20 -12.5 -10 0 1 30 40 1
87.5 5 15 204 204 204 204 204 204 1 0.1 0.01 20 0 -10 -12.5 1 30 40 1
83 5 15 204 204 204 204 204 204 1 0.1 0.01 20 2.5 -10 0 -12.5 30 40 1


70 5 42.5 204 204 204 204 204 204 1 0.1 0.01 20 -12.5 -10 3.5 1 30 40 1
67.5 5 45 204 204 204 204 204 204 1 0.1 0.01 20 0 -10 -12.5 1 30 40 1
70 5 40 204 204 204 204 204 204 1 0.1 0.01 20 -2.5 -10 -12.5 1 30 40 1


130 5 37.5 204 204 204 204 204 204 1 0.1 0.01 20 -12.5 -10 0 1 30 40 1
127.5 5 40 204 204 204 204 204 204 1 0.1 0.01 20 7 -10 -12.5 1 30 40 1
125 5 35 204 204 204 204 204 204 1 0.1 0.01 20 2.5 -10 -12.5 1 30 40 1



7.5 1 4 255 0 0 255 0 0 0.1 0.01 0.001 5 0 0 0 0 0 0 1
10.5 1 2.5 0 255 0 0 255 0 0.1 0.01 0.001 5 0 0 0 0 0 0 1
12.5 1 5 0 0 255 0 0 255 0.1 0.01 0.001 5 0 0 0 0 0 0 1
10.5 1 7.5 255 153 255 255 153 255 0.1 0.01 0.001 5 0 0 0 0 0 0 1

3 1 42 153 255 255 153 255 255 0.1 0.01 0.001 5 0 0 0 0 0 0 1
9 1 30 204 153 255 204 153 255 0.1 0.01 0.001 5 0 0 0 0 0 0 1
6 1 26 204 255 153 204 255 153 0.1 0.01 0.001 5 0 0 0 0 0 0 1
12 1 34 255 178 102 255 178 102 0.1 0.01 0.001 5 0 0 0 0 0 0 1



end